"PC1_1"	"PC1_2"	"PC1_3"	"PC17_1"	"PC17_2"	"PC17_3"	"PC30_1"	"PC30_2"	"PC30_3"
"PC1_1"	0	0.0135988591286972	0.00812543165136431	0.287249462526928	0.283256452822023	0.278265401581004	0.247958776304803	0.260483299060754	0.255279715148329
"PC1_2"	0.0135988591286972	0	0.0114426825423228	0.28347210674935	0.279471830781738	0.274429314152135	0.244200913486158	0.256799477693608	0.251560941847408
"PC1_3"	0.00812543165136431	0.0114426825423228	0	0.284356103220855	0.280380678041752	0.275380019948311	0.245414864023268	0.25791391701049	0.25271769742588
"PC17_1"	0.287249462526928	0.28347210674935	0.284356103220855	0	0.0101707962857688	0.0202227263616315	0.0902622583482329	0.0712098387207945	0.0803254720651768
"PC17_2"	0.283256452822023	0.279471830781738	0.280380678041752	0.0101707962857688	0	0.0124507498219576	0.0824936716546775	0.0646280674284373	0.073764677650326
"PC17_3"	0.278265401581004	0.274429314152135	0.275380019948311	0.0202227263616315	0.0124507498219576	0	0.0703386169423282	0.056355174279623	0.0655329795801344
"PC30_1"	0.247958776304803	0.244200913486158	0.245414864023268	0.0902622583482329	0.0824936716546775	0.0703386169423282	0	0.0186391060262202	0.00972351446513274
"PC30_2"	0.260483299060754	0.256799477693608	0.25791391701049	0.0712098387207945	0.0646280674284373	0.056355174279623	0.0186391060262202	0	0.00897648391879262
"PC30_3"	0.255279715148329	0.251560941847408	0.25271769742588	0.0803254720651768	0.073764677650326	0.0655329795801344	0.00972351446513274	0.00897648391879262	0
