"PC1_1"	"PC1_2"	"PC1_3"	"PC17_1"	"PC17_2"	"PC17_3"	"PC30_1"	"PC30_2"	"PC30_3"
"PC1_1"	0	0.0119429174799158	0.0225762838241235	0.187783347753815	0.192575829390944	0.193626179220524	0.192237708508928	0.175064617377935	0.178014265003458
"PC1_2"	0.0119429174799158	0	0.0345098965147071	0.19927934522725	0.204049450023135	0.205094822822836	0.203712925742422	0.182094482213234	0.186696906008227
"PC1_3"	0.0225762838241235	0.0345098965147071	0	0.165910432940558	0.170741870878148	0.171800898901298	0.170400967109027	0.18260803450203	0.18546128687585
"PC17_1"	0.187783347753815	0.19927934522725	0.165910432940558	0	0.0144144964626876	0.0110350738870234	0.114503143078132	0.127156984623855	0.129858411459581
"PC17_2"	0.192575829390944	0.204049450023135	0.170741870878148	0.0144144964626876	0	0.00334699380373527	0.0995882038362504	0.111843271333633	0.114602395912795
"PC17_3"	0.193626179220524	0.205094822822836	0.171800898901298	0.0110350738870234	0.00334699380373527	0	0.102827679533382	0.115141694935609	0.117882413705844
"PC30_1"	0.192237708508928	0.203712925742422	0.170400967109027	0.114503143078132	0.0995882038362504	0.102827679533382	0	0.0224512735142079	0.0176887691367855
"PC30_2"	0.175064617377935	0.182094482213234	0.18260803450203	0.127156984623855	0.111843271333633	0.115141694935609	0.0224512735142079	0	0.0047643964878989
"PC30_3"	0.178014265003458	0.186696906008227	0.18546128687585	0.129858411459581	0.114602395912795	0.117882413705844	0.0176887691367855	0.0047643964878989	0
