"PC1_1"	"PC1_2"	"PC1_3"	"PC17_1"	"PC17_2"	"PC17_3"	"PC30_1"	"PC30_2"	"PC30_3"
"PC1_1"	0	0.00871762196188569	0.00580383013318331	0.1807437573672	0.183625876849058	0.183792295325964	0.191056175928909	0.19629637904485	0.191998057350259
"PC1_2"	0.00871762196188569	0	0.00734255861109968	0.18143051231999	0.184323559080803	0.184493159455096	0.190724245416706	0.195836388888134	0.191519459133253
"PC1_3"	0.00580383013318331	0.00734255861109968	0	0.178355423343735	0.18124748243738	0.18140578924983	0.190708856952919	0.196027703395302	0.191712099046399
"PC17_1"	0.1807437573672	0.18143051231999	0.178355423343735	0	0.00760543588030231	0.00730358846759529	0.0817050829517572	0.0883819428026394	0.081920085224147
"PC17_2"	0.183625876849058	0.184323559080803	0.18124748243738	0.00760543588030231	0	0.0050220564397243	0.0836066343468688	0.0902711158086989	0.0837528310734924
"PC17_3"	0.183792295325964	0.184493159455096	0.18140578924983	0.00730358846759529	0.0050220564397243	0	0.0873252676860792	0.0939839842213821	0.0874738471029598
"PC30_1"	0.191056175928909	0.190724245416706	0.190708856952919	0.0817050829517572	0.0836066343468688	0.0873252676860792	0	0.0091262950645052	0.00877089912559648
"PC30_2"	0.19629637904485	0.195836388888134	0.196027703395302	0.0883819428026394	0.0902711158086989	0.0939839842213821	0.0091262950645052	0	0.00916624019060362
"PC30_3"	0.191998057350259	0.191519459133253	0.191712099046399	0.081920085224147	0.0837528310734924	0.0874738471029598	0.00877089912559648	0.00916624019060362	0
