"PC1_1"	"PC1_2"	"PC1_3"	"PC17_1"	"PC17_2"	"PC17_3"	"PC30_1"	"PC30_2"	"PC30_3"
"PC1_1"	0	0.0101116980996445	0.0190481341514234	0.205867105542314	0.200228984090744	0.208554246250375	0.271953544212246	0.270316339670433	0.262864196152219
"PC1_2"	0.0101116980996445	0	0.0147131621057696	0.20967958563379	0.203994027734312	0.212407348646678	0.273298212212995	0.274588464460345	0.267057522562607
"PC1_3"	0.0190481341514234	0.0147131621057696	0	0.209277045665554	0.203580699901205	0.212008166596022	0.273030617491891	0.274322895628737	0.266777367031259
"PC17_1"	0.205867105542314	0.20967958563379	0.209277045665554	0	0.00968528248231335	0.0185794647973062	0.106350257092043	0.101555901363665	0.101311740377492
"PC17_2"	0.200228984090744	0.203994027734312	0.203580699901205	0.00968528248231335	0	0.0182880465874397	0.101566099960137	0.0967968889714019	0.0965713083088976
"PC17_3"	0.208554246250375	0.212407348646678	0.212008166596022	0.0185794647973062	0.0182880465874397	0	0.0894243559993959	0.084556689743513	0.0844420330733076
"PC30_1"	0.271953544212246	0.273298212212995	0.273030617491891	0.106350257092043	0.101566099960137	0.0894243559993959	0	0.0159945435994171	0.012501214077664
"PC30_2"	0.270316339670433	0.274588464460345	0.274322895628737	0.101555901363665	0.0967968889714019	0.084556689743513	0.0159945435994171	0	0.018558692558055
"PC30_3"	0.262864196152219	0.267057522562607	0.266777367031259	0.101311740377492	0.0965713083088976	0.0844420330733076	0.012501214077664	0.018558692558055	0
